Ship1 MMSI  Ship2 MMSI   TravelDistance difference
             
 366998510  367122220      1.1483354369915908
             
Ship1 MMSI  Ship2 MMSI   TravelDistance difference
             
Ship1 MMSI  Ship2 MMSI   TravelDistance difference
             
 316014160  316024256      239.48910069885315
             
 316018851  316028554      61.67913133056698
             
 366709770  366773090      170.38254520931795
             
 366772760  366976870      228.07354414751632
 366772760  367439390      200.51322527672215
 366772760  366887970      199.07848499354608
 366772760  366772990      25.933147892209206
             
 366772990  366976870      254.00669203972552
 366772990  367439390      226.44637316893136
 366772990  366887970      225.0116328857553
             
 366866930  499929694      117.05346808784653
             
 366887970  366976870      28.995059153970246
 366887970  367439390      1.434740283176069
             
 366976870  367439390      27.560318870794177
             
 366998510  367122220      28.042872986722386
             
